
INSERT INTO
tblstock(productid, expiryDate, productTP, productDP, productMRP, productPcs, productTotalTk)
VALUES(100, '2023-08-23', 37.5, 37, 38, 24, 900),
(101, '2023-09-03', 69, 68, 70, 24, 1656),
(102, '2023-10-23', 102, 100, 106, 10, 1020),
(103, '2023-08-23', 206.5, 204, 210, 10, 2065),
(104, '2023-08-13', 29, 28.5, 30, 20, 580),
(105, '2023-07-03', 48, 47, 50, 20, 960),
(106, '2023-10-28', 54, 53, 55, 20, 1080),
(107, '2023-07-23', 252, 249.5, 255, 20, 5040),
(108, '2023-09-23', 19, 18.5, 20, 30, 570),
(109, '2023-08-12', 34, 33.5, 35, 20, 680);
